1;Алжир;596;230;1
2;Стамбул;667;175;1
3;Москва;727;139;1
4;Каир;654;237;1
5;Багдад;745;219;1
6;Тегеран;781;168;1
7;Эр-Рияд;747;295;1
8;Исламабад;855;260;1
9;Нью-Дели;882;229;1
10;Мумбаи;842;318;1
11;Коломбо;903;334;1
12;Катманду;939;236;1
13;Нью-Йорк;364;150;2
14;Вашингтон;311;208;2
15;Монтреаль;297;153;2
16;Чикаго;223;153;2
17;Сан-Франциско;93;182;2
18;Атланта;225;213;2
19;Лондон;522;122;2
20;Осло;597;105;2
21;Санкт-Петербург;671;94;2
22;Берлин;622;139;2
23;Париж;577;152;2
24;Мадрид;519;183;2
25;Лос-Анджелес;97;255;3
26;Мехико;165;280;3
27;Санто-Доминиго;266;276;3
28;Богота;251;350;3
29;Лима;219;458;3
30;Рио-де-Жанейро;392;465;3
31;Сантьяго;267;532;3
32;Буэнос-Айрес;338;521;3
33;Лагос;555;342;3
34;Киншаса;618;397;3
35;Претория;678;492;3
36;Хартрум;682;322;3
37;Пекин;997;159;4
38;Сеул;1055;154;4
39;Токио;1110;183;4
40;Ухань;998;197;4
41;Осока;1130;236;4
42;Тайбэй;1088;254;4
43;Ханой;1015;272;4
44;Бангкок;974;311;4
45;Сингапур;1018;350;4
46;Манила;1120;365;4
47;Джакарта;971;414;4
48;Сидней;1159;520;4